{
 "cells": [
  {
   "cell_type": "code",
   "execution_count": 1,
   "metadata": {
    "collapsed": true
   },
   "outputs": [
    {
     "name": "stderr",
     "output_type": "stream",
     "text": [
      "d:\\python3.6.8\\lib\\importlib\\_bootstrap.py:219: RuntimeWarning: numpy.ufunc size changed, may indicate binary incompatibility. Expected 192 from C header, got 216 from PyObject\n",
      "  return f(*args, **kwds)\n"
     ]
    }
   ],
   "source": [
    "import numpy as np\n",
    "\n",
    "from sklearn.decomposition import PCA\n",
    "\n",
    "from sklearn import datasets"
   ]
  },
  {
   "cell_type": "code",
   "execution_count": 29,
   "metadata": {},
   "outputs": [
    {
     "data": {
      "text/plain": [
       "array([[-1.30533786,  0.64836932],\n",
       "       [-1.31993521, -0.35930856],\n",
       "       [-1.40496732, -0.29424412],\n",
       "       [-1.33510889, -0.64613986],\n",
       "       [-1.32702321,  0.6633044 ]])"
      ]
     },
     "execution_count": 29,
     "metadata": {},
     "output_type": "execute_result"
    }
   ],
   "source": [
    "X,y = datasets.load_iris(True)\n",
    "pca = PCA(n_components=2,whiten=True)\n",
    "pca.fit(X)\n",
    "X_pca = pca.transform(X)\n",
    "X_pca[:5]"
   ]
  },
  {
   "cell_type": "markdown",
   "metadata": {},
   "source": [
    "* 去平均值(即去中心化)，即每一位特征减去各自的平均值\n",
    "* 计算协方差矩阵\n",
    "* 用特征值分解方法求协方差矩阵的特征值与特征向量\n",
    "* 对特征值从大到小排序，选择其中最大的k个。然后将其对应的k个特征向量分别作为行向量组成特征向量矩阵P\n",
    "* 将数据转换到k个特征向量构建的新空间中，即X_pca=XP"
   ]
  },
  {
   "cell_type": "code",
   "execution_count": 8,
   "metadata": {},
   "outputs": [
    {
     "data": {
      "text/plain": [
       "(150, 4)"
      ]
     },
     "execution_count": 8,
     "metadata": {},
     "output_type": "execute_result"
    }
   ],
   "source": [
    "# 第一步，去中心化，减去平均值\n",
    "B = X - X.mean(axis = 0)\n",
    "B.shape"
   ]
  },
  {
   "cell_type": "code",
   "execution_count": 10,
   "metadata": {
    "collapsed": true
   },
   "outputs": [
    {
     "data": {
      "text/plain": [
       "array([[ 0.68569351, -0.042434  ,  1.27431544,  0.51627069],\n",
       "       [-0.042434  ,  0.18997942, -0.32965638, -0.12163937],\n",
       "       [ 1.27431544, -0.32965638,  3.11627785,  1.2956094 ],\n",
       "       [ 0.51627069, -0.12163937,  1.2956094 ,  0.58100626]])"
      ]
     },
     "execution_count": 10,
     "metadata": {},
     "output_type": "execute_result"
    }
   ],
   "source": [
    "# 第二步，协方差矩阵\n",
    "C = np.cov(B,rowvar=False)\n",
    "C"
   ]
  },
  {
   "cell_type": "code",
   "execution_count": 33,
   "metadata": {},
   "outputs": [
    {
     "data": {
      "text/plain": [
       "(array([[-0.36138659, -0.65658877,  0.58202985,  0.31548719],\n",
       "        [ 0.08452251, -0.73016143, -0.59791083, -0.3197231 ],\n",
       "        [-0.85667061,  0.17337266, -0.07623608, -0.47983899],\n",
       "        [-0.3582892 ,  0.07548102, -0.54583143,  0.75365743]]),\n",
       " array([4.22824171, 0.24267075, 0.0782095 , 0.02383509]),\n",
       " array([[-0.36138659,  0.08452251, -0.85667061, -0.3582892 ],\n",
       "        [-0.65658877, -0.73016143,  0.17337266,  0.07548102],\n",
       "        [ 0.58202985, -0.59791083, -0.07623608, -0.54583143],\n",
       "        [ 0.31548719, -0.3197231 , -0.47983899,  0.75365743]]))"
      ]
     },
     "execution_count": 33,
     "metadata": {},
     "output_type": "execute_result"
    }
   ],
   "source": [
    "np.linalg.svd(C)"
   ]
  },
  {
   "cell_type": "code",
   "execution_count": 12,
   "metadata": {
    "scrolled": true
   },
   "outputs": [
    {
     "data": {
      "text/plain": [
       "array([4.22824171, 0.24267075, 0.0782095 , 0.02383509])"
      ]
     },
     "metadata": {},
     "output_type": "display_data"
    },
    {
     "data": {
      "text/plain": [
       "array([[ 0.36138659, -0.65658877, -0.58202985,  0.31548719],\n",
       "       [-0.08452251, -0.73016143,  0.59791083, -0.3197231 ],\n",
       "       [ 0.85667061,  0.17337266,  0.07623608, -0.47983899],\n",
       "       [ 0.3582892 ,  0.07548102,  0.54583143,  0.75365743]])"
      ]
     },
     "metadata": {},
     "output_type": "display_data"
    }
   ],
   "source": [
    "# 第三步，求解了特征值和特征向量\n",
    "eigenvalues,eigenvectors = np.linalg.eig(C)\n",
    "display(eigenvalues,eigenvectors)"
   ]
  },
  {
   "cell_type": "code",
   "execution_count": 15,
   "metadata": {},
   "outputs": [
    {
     "data": {
      "text/plain": [
       "array([[ 0.36138659, -0.65658877],\n",
       "       [-0.08452251, -0.73016143],\n",
       "       [ 0.85667061,  0.17337266],\n",
       "       [ 0.3582892 ,  0.07548102]])"
      ]
     },
     "execution_count": 15,
     "metadata": {},
     "output_type": "execute_result"
    }
   ],
   "source": [
    "# 第四步，筛选特征值，取出，特征值所对应的特征向量\n",
    "P = eigenvectors[:,:2]\n",
    "P"
   ]
  },
  {
   "cell_type": "code",
   "execution_count": 19,
   "metadata": {
    "scrolled": true
   },
   "outputs": [],
   "source": [
    "# 第五步，将数据转换到k个特征向量构建的新空间中，即X_pca=XP\n",
    "\n",
    "V = X.dot(P)"
   ]
  },
  {
   "cell_type": "code",
   "execution_count": 21,
   "metadata": {
    "collapsed": true
   },
   "outputs": [
    {
     "data": {
      "text/plain": [
       "array([[-1.30971087, -0.65054141],\n",
       "       [-1.32435711,  0.36051227],\n",
       "       [-1.40967409,  0.29522986],\n",
       "       [-1.33958163,  0.64830449],\n",
       "       [-1.33146886, -0.66552653]])"
      ]
     },
     "execution_count": 21,
     "metadata": {},
     "output_type": "execute_result"
    }
   ],
   "source": [
    "V = (V - V.mean(axis = 0))/V.std(axis = 0)\n",
    "V[:5]"
   ]
  },
  {
   "cell_type": "code",
   "execution_count": 22,
   "metadata": {
    "collapsed": true
   },
   "outputs": [
    {
     "data": {
      "text/plain": [
       "array([[-1.30533786,  0.64836932],\n",
       "       [-1.31993521, -0.35930856],\n",
       "       [-1.40496732, -0.29424412],\n",
       "       [-1.33510889, -0.64613986],\n",
       "       [-1.32702321,  0.6633044 ]])"
      ]
     },
     "execution_count": 22,
     "metadata": {},
     "output_type": "execute_result"
    }
   ],
   "source": [
    "X_pca[:5]"
   ]
  },
  {
   "cell_type": "code",
   "execution_count": 23,
   "metadata": {
    "collapsed": true
   },
   "outputs": [
    {
     "data": {
      "text/plain": [
       "array([[-1.30971087, -0.65054141],\n",
       "       [-1.32435711,  0.36051227],\n",
       "       [-1.40967409,  0.29522986],\n",
       "       [-1.33958163,  0.64830449],\n",
       "       [-1.33146886, -0.66552653]])"
      ]
     },
     "execution_count": 23,
     "metadata": {},
     "output_type": "execute_result"
    }
   ],
   "source": [
    "# 第五步，使用去中心化的数据，进行映射\n",
    "M = B.dot(P)\n",
    "\n",
    "M = (M - M.mean(axis = 0))/M.std(axis = 0)\n",
    "M[:5]"
   ]
  },
  {
   "cell_type": "code",
   "execution_count": 24,
   "metadata": {
    "collapsed": true
   },
   "outputs": [
    {
     "data": {
      "text/plain": [
       "array([[-1.30533786,  0.64836932],\n",
       "       [-1.31993521, -0.35930856],\n",
       "       [-1.40496732, -0.29424412],\n",
       "       [-1.33510889, -0.64613986],\n",
       "       [-1.32702321,  0.6633044 ]])"
      ]
     },
     "execution_count": 24,
     "metadata": {},
     "output_type": "execute_result"
    }
   ],
   "source": [
    "X_pca[:5]"
   ]
  },
  {
   "cell_type": "code",
   "execution_count": 30,
   "metadata": {
    "collapsed": true
   },
   "outputs": [
    {
     "data": {
      "text/plain": [
       "array([[-2.68412563, -0.31939725],\n",
       "       [-2.71414169,  0.17700123],\n",
       "       [-2.88899057,  0.14494943],\n",
       "       [-2.74534286,  0.31829898],\n",
       "       [-2.72871654, -0.32675451]])"
      ]
     },
     "execution_count": 30,
     "metadata": {},
     "output_type": "execute_result"
    }
   ],
   "source": [
    "W = B.dot(P)\n",
    "W[:5]"
   ]
  },
  {
   "cell_type": "code",
   "execution_count": 28,
   "metadata": {
    "collapsed": true
   },
   "outputs": [
    {
     "data": {
      "text/plain": [
       "array([[-2.68412563,  0.31939725],\n",
       "       [-2.71414169, -0.17700123],\n",
       "       [-2.88899057, -0.14494943],\n",
       "       [-2.74534286, -0.31829898],\n",
       "       [-2.72871654,  0.32675451]])"
      ]
     },
     "execution_count": 28,
     "metadata": {},
     "output_type": "execute_result"
    }
   ],
   "source": [
    "X_pca[:5]"
   ]
  },
  {
   "cell_type": "code",
   "execution_count": 31,
   "metadata": {
    "scrolled": true
   },
   "outputs": [
    {
     "data": {
      "text/plain": [
       "array([[-1.30971087, -0.65054141],\n",
       "       [-1.32435711,  0.36051227],\n",
       "       [-1.40967409,  0.29522986],\n",
       "       [-1.33958163,  0.64830449],\n",
       "       [-1.33146886, -0.66552653]])"
      ]
     },
     "execution_count": 31,
     "metadata": {},
     "output_type": "execute_result"
    }
   ],
   "source": [
    "Z = (W - W.mean(axis = 0))/W.std(axis = 0)\n",
    "Z[:5]"
   ]
  },
  {
   "cell_type": "code",
   "execution_count": 32,
   "metadata": {
    "scrolled": false
   },
   "outputs": [
    {
     "data": {
      "text/plain": [
       "array([[-1.30533786,  0.64836932],\n",
       "       [-1.31993521, -0.35930856],\n",
       "       [-1.40496732, -0.29424412],\n",
       "       [-1.33510889, -0.64613986],\n",
       "       [-1.32702321,  0.6633044 ]])"
      ]
     },
     "execution_count": 32,
     "metadata": {},
     "output_type": "execute_result"
    }
   ],
   "source": [
    "X_pca[:5]"
   ]
  }
 ],
 "metadata": {
  "kernelspec": {
   "display_name": "Python 3",
   "language": "python",
   "name": "python3"
  },
  "language_info": {
   "codemirror_mode": {
    "name": "ipython",
    "version": 3
   },
   "file_extension": ".py",
   "mimetype": "text/x-python",
   "name": "python",
   "nbconvert_exporter": "python",
   "pygments_lexer": "ipython3",
   "version": "3.6.8"
  }
 },
 "nbformat": 4,
 "nbformat_minor": 2
}
